Serial Feed Started
Time Setpoint Input Output
1 90.00 18.00 2000.00
2 90.00 18.00 2000.00
3 90.00 18.00 2000.00
4 90.00 18.00 2000.00
5 90.00 18.00 2000.00
6 90.00 18.00 2000.00
7 90.00 18.00 2000.00
8 90.00 18.00 2000.00
9 90.00 18.00 2000.00
10 90.00 18.00 2000.00
11 90.00 18.00 2000.00
12 90.00 18.00 2000.00
13 90.00 18.00 2000.00
14 90.00 18.00 2000.00
15 90.00 18.00 2000.00
16 90.00 18.00 2000.00
17 90.00 18.25 2000.00
18 90.00 18.25 2000.00
19 90.00 18.25 2000.00
20 90.00 18.25 2000.00
21 90.00 18.50 2000.00
22 90.00 18.50 2000.00
23 90.00 18.50 2000.00
24 90.00 18.75 2000.00
25 90.00 18.75 2000.00
26 90.00 19.00 2000.00
27 90.00 19.00 2000.00
28 90.00 19.00 2000.00
29 90.00 19.25 2000.00
30 90.00 19.25 2000.00
31 90.00 19.50 2000.00
32 90.00 19.75 2000.00
33 90.00 20.00 2000.00
34 90.00 20.25 2000.00
35 90.00 20.25 2000.00
36 90.00 20.50 2000.00
37 90.00 20.75 2000.00
38 90.00 20.75 2000.00
39 90.00 21.25 2000.00
40 90.00 21.50 2000.00
41 90.00 21.75 2000.00
42 90.00 22.00 2000.00
43 90.00 22.25 2000.00
44 90.00 22.50 2000.00
45 90.00 22.75 2000.00
46 90.00 23.00 2000.00
47 90.00 23.50 2000.00
48 90.00 23.75 2000.00
49 90.00 24.00 2000.00
50 90.00 24.50 2000.00
51 90.00 24.75 2000.00
52 90.00 25.00 2000.00
53 90.00 25.50 2000.00
54 90.00 25.75 2000.00
55 90.00 26.00 2000.00
56 90.00 26.50 2000.00
57 90.00 27.00 2000.00
58 90.00 27.25 2000.00
59 90.00 28.00 2000.00
60 90.00 28.25 2000.00
61 90.00 28.50 2000.00
62 90.00 29.00 2000.00
63 90.00 29.50 2000.00
64 90.00 30.00 2000.00
65 90.00 30.50 2000.00
66 90.00 31.00 2000.00
67 90.00 31.50 2000.00
68 90.00 32.00 2000.00
69 90.00 32.50 2000.00
70 90.00 33.00 2000.00
71 90.00 33.50 2000.00
72 90.00 34.00 2000.00
73 90.00 34.50 2000.00
74 90.00 35.00 2000.00
75 90.00 35.50 2000.00
76 90.00 36.25 2000.00
77 90.00 36.50 2000.00
78 90.00 37.25 2000.00
79 90.00 38.00 2000.00
80 90.00 38.50 2000.00
81 90.00 39.00 2000.00
82 90.00 39.50 2000.00
83 90.00 40.25 2000.00
84 90.00 40.75 2000.00
85 90.00 41.25 2000.00
86 90.00 42.00 2000.00
87 90.00 42.75 2000.00
88 90.00 43.25 2000.00
89 90.00 43.75 2000.00
90 90.00 44.50 2000.00
91 90.00 45.00 2000.00
92 90.00 45.75 2000.00
93 90.00 46.50 2000.00
94 90.00 47.25 2000.00
95 90.00 47.75 2000.00
96 90.00 48.25 2000.00
97 90.00 49.00 2000.00
98 90.00 49.75 2000.00
99 90.00 50.25 2000.00
100 90.00 51.00 2000.00
101 90.00 51.75 2000.00
102 90.00 52.50 2000.00
103 90.00 53.25 2000.00
104 90.00 53.75 2000.00
105 90.00 54.50 2000.00
106 90.00 55.25 2000.00
107 90.00 56.00 2000.00
108 90.00 56.75 2000.00
109 90.00 57.50 2000.00
110 90.00 58.25 2000.00
111 90.00 59.00 2000.00
112 90.00 59.75 2000.00
113 90.00 60.50 2000.00
114 90.00 61.25 2000.00
115 90.00 61.75 2000.00
116 90.00 62.75 2000.00
117 90.00 63.50 2000.00
118 90.00 64.25 2000.00
119 90.00 65.00 2000.00
120 90.00 65.75 2000.00
121 90.00 66.50 2000.00
122 90.00 67.25 2000.00
123 90.00 68.00 2000.00
124 90.00 68.75 2000.00
125 90.00 69.50 2000.00
126 90.00 70.25 2000.00
127 90.00 71.25 2000.00
128 90.00 71.75 2000.00
129 90.00 72.75 2000.00
130 90.00 73.50 2000.00
131 90.00 74.25 2000.00
132 90.00 75.00 2000.00
133 90.00 75.75 2000.00
134 90.00 76.50 2000.00
135 90.00 77.50 2000.00
136 90.00 78.25 2000.00
137 90.00 79.00 2000.00
138 90.00 79.75 2000.00
139 90.00 80.50 1958.54
140 90.00 81.50 1827.52
141 90.00 82.25 1647.74
142 90.00 83.00 1521.68
143 90.00 83.75 1390.61
144 90.00 84.75 1259.51
145 90.00 85.25 1079.64
146 90.00 86.25 1002.26
147 90.00 86.75 817.36
148 90.00 87.75 739.94
149 90.00 88.25 554.99
150 90.00 89.00 477.54
151 90.00 89.75 341.31
152 90.00 90.25 210.07
153 95.00 91.00 1481.56
154 95.00 91.75 1194.26
155 95.00 92.25 969.42
156 95.00 93.00 882.06
157 95.00 93.75 594.66
158 95.00 94.25 369.72
159 95.00 95.00 282.26
160 95.00 95.50 0.00
161 95.00 96.25 0.00
162 100.00 96.75 1119.92
163 100.00 97.25 1032.58
164 100.00 98.00 882.72
165 100.00 98.50 595.32
166 100.00 99.00 507.89
167 100.00 99.75 357.94
168 100.00 100.25 70.46
169 100.00 100.75 0.00
170 100.00 101.25 0.00
171 105.00 101.75 1183.09
172 105.00 102.25 1033.26
173 105.00 102.75 883.39
174 105.00 103.50 733.51
175 105.00 103.75 446.08
176 105.00 104.50 496.14
177 105.00 105.00 146.17
178 105.00 105.25 58.67
179 105.00 105.75 46.16
180 110.00 106.25 1333.87
181 110.00 106.75 1184.06
182 110.00 107.25 1034.22
183 110.00 107.75 884.36
184 110.00 108.25 734.47
185 110.00 108.75 584.56
186 110.00 109.00 434.62
187 110.00 109.50 422.17
188 110.00 110.00 209.69
189 115.00 110.25 1559.94
190 115.00 110.75 1547.68
191 115.00 111.25 1335.39
192 115.00 111.75 1185.58
193 115.00 112.25 1035.74
194 115.00 112.75 885.88
195 115.00 113.00 735.99
196 115.00 113.50 723.59
197 115.00 114.00 511.17
198 120.00 114.50 1861.47
199 120.00 114.75 1711.74
200 120.00 115.25 1699.51
201 120.00 115.50 1487.24
202 120.00 116.00 1474.97
203 120.00 116.50 1262.67
204 120.00 117.00 1112.84
205 120.00 117.50 962.99
206 120.00 117.75 813.12
207 125.00 118.25 2000.00
208 125.00 118.75 2000.00
209 125.00 119.25 1939.13
210 125.00 119.75 1789.42
211 125.00 120.00 1639.68
212 125.00 120.50 1627.43
213 125.00 121.00 1415.16
214 125.00 121.50 1265.36
215 125.00 122.00 1115.53
216 130.00 122.25 2000.00
217 130.00 122.75 2000.00
218 130.00 123.25 2000.00
219 130.00 123.75 2000.00
220 130.00 124.25 1942.33
221 130.00 124.50 1792.62
222 130.00 125.00 1780.39
223 130.00 125.50 1568.14
224 130.00 126.00 1418.37
225 135.00 126.50 2000.00
226 135.00 127.00 2000.00
227 135.00 127.50 2000.00
228 135.00 128.00 2000.00
229 135.00 128.50 2000.00
230 135.00 129.25 2000.00
231 135.00 129.50 1733.48
232 135.00 130.00 1783.76
233 135.00 130.50 1571.51
234 140.00 131.25 2000.00
235 140.00 131.75 2000.00
236 140.00 132.25 2000.00
237 140.00 132.75 2000.00
238 140.00 133.25 2000.00
239 140.00 133.75 2000.00
240 140.00 134.25 1949.23
241 140.00 134.75 1799.52
242 140.00 135.25 1649.78
243 165.00 136.00 2000.00
244 165.00 136.50 2000.00
245 165.00 137.00 2000.00
246 165.00 137.50 2000.00
247 165.00 138.00 2000.00
248 165.00 138.75 2000.00
249 165.00 139.25 2000.00
250 165.00 139.75 2000.00
251 165.00 140.50 2000.00
252 165.00 141.00 2000.00
253 165.00 141.50 2000.00
254 165.00 142.00 2000.00
255 165.00 142.75 2000.00
256 165.00 143.25 2000.00
257 165.00 143.75 2000.00
258 165.00 144.50 2000.00
259 165.00 145.00 2000.00
260 165.00 145.50 2000.00
261 165.00 146.25 2000.00
262 165.00 146.75 2000.00
263 165.00 147.50 2000.00
264 165.00 148.00 2000.00
265 165.00 148.50 2000.00
266 165.00 149.25 2000.00
267 165.00 149.75 2000.00
268 165.00 150.50 2000.00
269 165.00 151.00 2000.00
270 165.00 151.50 2000.00
271 165.00 152.25 2000.00
272 165.00 152.75 2000.00
273 165.00 153.25 2000.00
274 165.00 154.00 2000.00
275 165.00 154.75 2000.00
276 165.00 155.25 2000.00
277 165.00 155.75 2000.00
278 165.00 156.25 2000.00
279 165.00 157.00 2000.00
280 165.00 157.50 2000.00
281 165.00 158.25 2000.00
282 165.00 158.75 1999.09
283 165.00 159.50 1936.91
284 165.00 160.00 1624.68
285 100.00 160.75 0.00
286 100.00 161.25 0.00
287 100.00 161.75 0.00
288 100.00 162.25 0.00
289 100.00 162.75 0.00
290 100.00 163.25 0.00
291 100.00 163.75 0.00
292 100.00 164.25 0.00
293 100.00 164.50 0.00
294 100.00 165.00 0.00
295 100.00 165.50 0.00
296 100.00 166.00 0.00
297 100.00 166.25 0.00
298 100.00 166.75 0.00
299 100.00 167.25 0.00
300 100.00 167.50 0.00
301 100.00 168.00 0.00
302 100.00 168.25 0.00
303 100.00 168.75 0.00
304 100.00 169.00 0.00
305 100.00 169.25 0.00
306 100.00 169.75 0.00
307 100.00 170.00 0.00
308 100.00 170.25 0.00
309 100.00 170.50 0.00
310 100.00 170.75 0.00
311 100.00 171.25 0.00
312 100.00 171.50 0.00
313 100.00 171.75 0.00
314 100.00 172.00 0.00
315 100.00 172.25 0.00
316 100.00 172.50 0.00
317 100.00 172.75 0.00
318 100.00 173.00 0.00
319 100.00 172.75 0.00
320 100.00 172.75 0.00
321 100.00 172.50 0.00
322 100.00 172.00 0.00
323 100.00 172.00 0.00
324 100.00 171.75 0.00
325 100.00 171.75 0.00
326 100.00 171.50 0.00
327 100.00 171.00 0.00
328 100.00 171.00 0.00
329 100.00 171.00 0.00
330 100.00 171.25 0.00
331 100.00 171.00 0.00
332 100.00 170.75 0.00
333 100.00 170.75 0.00
334 100.00 170.75 0.00
335 100.00 171.00 0.00
336 100.00 171.00 0.00
337 100.00 171.00 0.00
338 100.00 170.50 0.00
339 100.00 170.50 0.00
340 100.00 170.75 0.00
341 100.00 170.75 0.00
342 100.00 170.75 0.00
343 100.00 170.75 0.00
344 100.00 170.25 0.00
345 100.00 170.25 0.00
346 100.00 170.00 0.00
347 100.00 169.75 0.00
348 100.00 169.75 0.00
349 100.00 169.75 0.00
350 100.00 169.50 0.00
351 100.00 169.25 0.00
352 100.00 169.00 0.00
353 100.00 168.75 0.00
354 100.00 168.75 0.00
355 100.00 168.25 0.00
356 100.00 168.25 0.00
357 100.00 168.25 0.00
358 100.00 167.75 0.00
359 100.00 167.50 0.00
360 100.00 166.75 0.00
361 100.00 166.25 0.00
362 100.00 166.00 0.00
363 100.00 165.50 0.00
364 100.00 165.25 0.00
365 100.00 164.75 0.00
366 100.00 164.50 0.00
367 100.00 164.25 0.00
368 100.00 164.00 0.00
369 100.00 163.75 0.00
370 100.00 163.50 0.00
371 100.00 163.00 0.00
372 100.00 162.75 0.00
373 100.00 162.75 0.00
374 100.00 162.50 0.00
375 100.00 162.50 0.00
376 100.00 162.25 0.00
377 100.00 162.00 0.00
378 100.00 161.50 0.00
379 100.00 161.25 0.00
380 100.00 161.00 0.00
381 100.00 161.00 0.00
382 100.00 160.50 0.00
383 100.00 160.25 0.00
384 100.00 160.25 0.00
385 100.00 160.00 0.00
386 100.00 159.75 0.00
387 100.00 159.50 0.00
388 100.00 159.50 0.00
389 100.00 159.00 0.00
390 100.00 158.75 0.00
391 100.00 158.25 0.00
392 100.00 158.25 0.00
393 100.00 157.75 0.00
394 100.00 157.75 0.00
395 100.00 157.25 0.00
396 100.00 156.75 0.00
397 100.00 156.50 0.00
398 100.00 156.50 0.00
399 100.00 155.75 0.00
400 100.00 155.50 0.00
401 100.00 155.00 0.00
402 100.00 154.75 0.00
403 100.00 154.25 0.00
404 100.00 154.00 0.00
405 100.00 153.75 0.00
406 100.00 153.75 0.00
407 100.00 153.75 0.00
408 100.00 153.25 0.00
409 100.00 153.00 0.00
410 100.00 152.50 0.00
411 100.00 152.25 0.00
412 100.00 152.00 0.00
413 100.00 151.75 0.00
414 100.00 151.50 0.00
415 100.00 151.00 0.00
416 100.00 150.75 0.00
417 100.00 150.50 0.00
418 100.00 150.25 0.00
419 100.00 149.75 0.00
420 100.00 149.25 0.00
421 100.00 149.00 0.00
422 100.00 148.75 0.00
423 100.00 148.75 0.00
424 100.00 148.50 0.00
425 100.00 148.25 0.00
426 100.00 148.00 0.00
427 100.00 147.75 0.00
428 100.00 147.25 0.00
429 100.00 146.75 0.00
430 100.00 146.50 0.00
431 100.00 146.25 0.00
432 100.00 145.75 0.00
433 100.00 145.25 0.00
434 100.00 145.00 0.00
435 100.00 144.75 0.00
436 100.00 144.50 0.00
437 100.00 143.75 0.00
438 100.00 143.50 0.00
439 100.00 143.25 0.00
440 100.00 143.00 0.00
441 100.00 142.75 0.00
442 100.00 142.00 0.00
443 100.00 142.00 0.00
444 100.00 141.25 0.00
445 100.00 140.75 0.00
446 100.00 140.50 0.00
447 100.00 139.75 0.00
448 100.00 139.50 0.00
449 100.00 139.00 0.00
450 100.00 138.75 0.00
451 100.00 138.50 0.00
452 100.00 138.25 0.00
453 100.00 137.75 0.00
454 100.00 137.25 0.00
455 100.00 137.00 0.00
456 100.00 136.25 0.00
457 100.00 136.00 0.00
458 100.00 135.50 0.00
459 100.00 135.25 0.00
460 100.00 134.75 0.00
461 100.00 134.25 0.00
462 100.00 134.00 0.00
463 100.00 133.50 0.00
464 100.00 133.00 0.00
465 100.00 132.75 0.00
466 100.00 132.25 0.00
467 100.00 132.00 0.00
468 100.00 131.75 0.00
469 100.00 131.25 0.00
470 100.00 130.75 0.00
471 100.00 130.25 0.00
472 100.00 129.75 0.00
473 100.00 129.75 0.00
474 100.00 129.25 0.00
475 100.00 128.50 0.00
476 100.00 128.25 0.00
477 100.00 127.75 0.00
478 100.00 127.50 0.00
479 100.00 127.00 0.00
480 100.00 126.50 0.00
481 100.00 126.50 0.00
482 100.00 126.00 0.00
483 100.00 125.75 0.00
484 100.00 125.25 0.00
485 100.00 124.75 0.00
486 100.00 124.75 0.00
487 100.00 124.25 0.00
488 100.00 124.00 0.00
489 100.00 123.25 0.00
490 100.00 123.00 0.00
491 100.00 122.75 0.00
492 100.00 122.25 0.00
493 100.00 122.00 0.00
494 100.00 121.75 0.00
495 100.00 121.25 0.00
496 100.00 120.75 0.00
497 100.00 120.25 0.00
498 100.00 120.00 0.00
499 100.00 119.75 0.00
500 100.00 119.50 0.00
501 100.00 119.25 0.00
502 100.00 118.75 0.00
503 100.00 118.25 0.00
504 100.00 118.00 0.00
505 100.00 117.75 0.00
506 100.00 117.25 0.00
507 100.00 117.00 0.00
508 100.00 116.75 0.00
509 100.00 116.00 0.00
510 100.00 115.75 0.00
511 100.00 115.25 0.00
512 100.00 114.75 0.00
513 100.00 114.25 0.00
514 100.00 114.00 0.00
515 100.00 113.50 0.00
516 100.00 113.00 0.00
517 100.00 112.50 0.00
518 100.00 112.25 0.00
519 100.00 112.00 0.00
520 100.00 112.00 0.00
521 100.00 111.75 0.00
522 100.00 111.50 0.00
523 100.00 111.00 0.00
524 100.00 110.75 0.00
525 100.00 110.50 0.00
526 100.00 110.25 0.00
527 100.00 109.75 0.00
528 100.00 109.50 0.00
529 100.00 109.50 0.00
530 100.00 108.75 0.00
531 100.00 108.75 0.00
532 100.00 108.25 0.00
533 100.00 107.75 0.00
534 100.00 107.50 0.00
535 100.00 107.00 0.00
536 100.00 106.75 0.00
537 100.00 106.25 0.00
538 100.00 105.75 0.00
539 100.00 105.25 0.00
540 100.00 105.00 0.00
541 100.00 104.50 0.00
542 100.00 104.00 0.00
543 100.00 103.75 0.00
544 100.00 103.25 0.00
545 100.00 103.00 0.00
546 100.00 102.75 0.00
547 100.00 102.25 0.00
548 100.00 101.75 0.00
549 100.00 101.50 0.00
550 100.00 101.00 0.00
551 100.00 100.50 0.00
552 100.00 100.25 25.00
553 100.00 99.75 12.50
